173152275
171880754
171629863
171374920
171194239
171105644
170979507
170756091
170709442
170686963
170250553
170240453
170228318
170053363
170014527
169997112
169729238
169694538
169438257
169424859
169240115
169071703
169050496
168975345
168070477
168043240
167990955
167968273
167734795
167515281
167474940
167238045
167135752
167004003
166894792
166862852
166840628
166835784
166580814
166117679
166092200
162771470
160936028
160791721
160555907
160377678
160248728
160220371
160054699
160031353
159950225
159940671
159923739
159750818
159716144
158968280
158671674
158396879
158382787
158354774
158331806
158280866
158279090
158254799
158167958
158155740
157982955
157963536
157897789
157872328
157811535
157798953
157769398
157724113
157701578
157650146
157647533
