173948058
173711319
173685087
173442634
173162569
172914090
172666695
172638670
172591284
172404575
172291302
171840670
171582721
171551509
171303886
171082791
170822241
170808781
170748260
170714925
170696499
170520667
170506983
170255305
170240453
170013012
169981451
169716123
169430195
169201768
169071703
168879904
168819057
168794822
168775993
168323973
168284657
168043240
168011683
168007988
167766085
167741491
167492474
167255450
167237482
167018520
166965867
166942894
166914062
166676655
166671534
166643235
166374559
166117679
165856352
165592563
165329609
165316191
165040021
164946551
164731082
164457365
163062034
163000324
162762617
162712372
162424724
162142171
161854866
161574016
161528417
161528060
161300317
160951946
160470032
160248728
160226852
159950225
159729590
159689945
159443806
159403449
159371729
158888717
158881062
158851590
158623436
158588016
158306887
158047598
157818328
157793312
157297662
156967163
156958775
156928267
174216965
174462387
